Month wise production (in MT)
Jun, 2016	6332	——–	——–	——–	  ——–	——–	——–	——–	——–	——–	——–	——–	6,332
Jul, 2016	17926	——–	——–	——–	  ——–	——–	——–	——–	——–	——–	——–	——–	17,926
Aug, 2016	22640	9324	4196	2640	  ——–	——–	——–	——–	——–	——–	——–	——–	38,800
Sep, 2016	3336	2606	32464	14766	  ——–	——–	——–	——–	——–	——–	——–	——–	53,172
Oct, 2016	——–	——–	——–	——–	1964	——–	——–	——–	——–	——–	——–	——–	1,964
Nov, 2016	——–	——–	——–	——–	11969	——–	——–	——–	——–	——–	——–	——–	11,969
Dec, 2016	——–	——–	41777	20021	19856	49692	——–	——–	——–	——–	——–	——–	1,31,346
Jan, 2017	——–	——–	52302	25537	33133	133815	——–	——–	——–	——–	——–	——–	2,44,787
Feb, 2017	——–	——–	47496	23316	32788	120146	——–	——–	——–	——–	——–	——–	2,23,746
Mar, 2017	——–	——–	52575	26315	46794	130014	——–	——–	——–	——–	——–	——–	2,55,698
Apr, 2017	——–	——–	50064	24417	50624	127107	——–	——–	——–	——–	——–	——–	2,52,212
May, 2017	——–	——–	51792	25963	194879	130437	——–	2403	——–	——–	——–	——–	4,05,474
Jun, 2017	——–	——–	46722	24183	241413	123951	10238	8850	——–	——–	——–	——–	4,55,357
Jul, 2017	——–	——–	54915	27102	Nil	Nil	40146	9686	34533	——–	——–	——–	1,66,382
Aug, 2017	——–	——–	50815	25695	——–	——–	37385	1855	37408	54,264	——–	——–	2,07,422
Sep, 2017	——–	——–	42732	24887	162206	58731	39465	27536	37629	110462	35418.	——–	5,39,066
Oct, 2017	——–	——–	52725	25122	353323	141698	41372	54480	38644	10345	72879	——–	7,90,588
Nov, 2017	——–	——–	50942	24799	308753	131253	37752	30855	37431	9091	67298	——–	6,98,174
Dec, 2017	——–	——–	47295	24847	296591	136667	39132	68367	38635	40379	51660	——–	7,43,573
Jan, 2018	——–	——–	45885	21330	242465	1,30908	37755	76489	36172	19526	45530	——–	6,56,060
Feb, 2018	——–	——–	38910	17166	3,08,889	110073	30303	44,289	28970	26,346	44237	——–	6,49,183
Mar, 2018	——–	——–	38,299	18,028	3,66,777	1,03,645	27,675	26,190	28,547	20,296	72,328	——–	7,01,785
Apr, 2018	——–	——–	35,418	16,713	7,61,941	97,836	24,651	36,979	21,570	17,477	70,602	——–	10,83,187
May, 2018	——–	——–	36,752	15,467	7,82,307	1,06,306	25,125	21,833	22,320	60,579	77,616	——–	11,48,305
Jun, 2018	——–	——–	32,556	14,680	7,13,364	1,05,775	15,372	–	5,040	35,195	67,260	——–	9,89,242
July, 2018	——–	——–	–	21,580	–	–	30,120	4,835	29,998	56,269	41,220	——–	1,84,022
Aug, 2018	——–	——–	–	19,415	–	–	–	73,260	23,905	41,986	40,135	——–	1,98,701
Sep, 2018	——–	——–	13,395	18,532	1,85,510	73,592	33,706	37,269	29,545	31,064	33,583	21,903	4,78,099
Oct, 2018	——–	——–	40,225	20,576	3,35,671	1,79,603	37,200	–	31,495	12,516	55,990	41,779	7,55,055
Nov, 2018	——–	——–	39,165	17,902	3,77,528	1,70,523	36,825	72,780	30,327	20,052	58,180	39,033	8,62,315
Dec, 2018	——–	——–	45,325	12,716	4,97,230	1,58,996	35,578	–	36,455	–	65,035	15,435	8,66,770
Jan, 2019	——–	——–	37,355	14,520	4,35,397	1,42,798	30,369	–	32,865	17,132	61,830	–	7,72,266
Feb, 2019	2,055	1,725	-	16,505	3,69,274	1,36,569	31,650	1,609	-	24,612	56,815	–	6,91,847
Mar, 2019	19,575	16,335	-	16,994	3,60,905	1,28,615	38,104	20,970	-	39,408	53,725	1,04,273	7,98,904
Apr, 2019	14,490	11,880	29,210	23,971	-	1,23,159	29,960	23,226	-	-	36,790	75,735	7,51,852
May, 2019	15,105	12,981	96,265	29,513	3,16,181	1,26,326	28,915	360	-	43,224	41,695	-	7,10,565
June, 2019	17,880	16,170	1,35,945	24,369	6,11,114	1,23,839	90,914	-	-	38191	64,185	-	11,22,607
July, 2019	24,225	18,625	54,600	31,004	-	-	31,283	-	-	64,314	68,188	-	2,92,239
Aug, 2019	23,240	17,055	50,445	26,295	-	-	30,105	-	20,160	-	42,881	-	2,10,181
Sep, 2019	22,200	16,905	46,910	22,706	1,94,364	42,260	29,079	-	71,129	74,856	1,02,855	1,19,542	7,42,806
Oct, 2019	20,870	16,590	42,925	18,455	2,76,848	1,12,158	29,300	-	27,970	40,421	53,485	-	6,39,022
Nov, 2019	19,715	15,180	40,990	20,051	3,50,842	1,60,290	31,390	-	30,170	31,195	56,305	-	7,56,128
Dec, 2019	5,325	11,482	29,230	14,548	4,24,526	99,410	23,175	-	23,450	57,686	29,955	-	7,18,787
Jan, 2020	14,045	23,836	10,270	19,408	2,76,763	17,554	7,421	-	6,583	74,528	-	-	4,50,408
Feb, 2020	53,464	23,353	29,318	14,841	2,70,850	65,590	25,507	-	27,010	53,896	-	1,10,070	6,73,899
Mar, 2020	63,937	26,069	49,238	26,041	-	1,11,410	39,010	-	35,901	30,150	-	4,605	3,86,361
April, 2020	-	-	-	-	-	-	-	-	-	-	-	-	-
May, 2020	18,827	15,364	33,303	14,669	-	71,518	27,718	-	23,902	61,817	-	4,973	2,72,091
June, 2020	-	15,364	1,92,218	44,755	-	5,59,544	2,97,698	10,612	1,03,620	58,749	-	5,43,147	18,25,707
July, 2020	48,014	53,419	1,392	35,136	-	-	48,837	1,34,151	53,003	45,965	-	-	4,19,917
Aug, 2020	-	33,341	6,660	13,974	-	-	33,387	2,76,382	30,242	-	-	-	3,93,986
Sep, 2020	8,069	18,474	25,260	24,058	-	46,196	15,358	2,44,969	20,882	-	-	19,154	4,22,420
Oct, 2020	18,376	9,780	47,371	25,188	-	1,30,401	12,686	1,14,404	30,560	-	-	66,163	4,54,929
Nov, 2020	8,003	7,915	39,986	21,401	-	70,553	8,192	1,04,845	17,593	-	-	-	2,78,488
Dec, 2020	19,358	9,094	36,897	19,016	-	1,00,930	9,370	72,495	35,020	-	-	-	3,02,180
Jan,2021,	8,834	7,346	35,200	18,892	-	90,500	6,850	63,780	35,721	18,985	-	4,851	2,90,959
Feb,2021,	39,454	12,072	37,716	20,796	-	1,08,000	7,156	32,286	37,988	14,974	-	-	3,10,442
March,2021,	58,162	11,582	40,518	20,384	-	1,10,000	7,548	74,350	36,054	-	-	90,425	4,49,023
April,2021	42,830	1,22,330	45,732	19,590	 	1,18,600	9,570	52,352	 	 	 	 	4,11,004
May,2021	14,529	11,558	46,511	 	 	87,116	13,903	50,483	 	 	 	 	2,24,100
Grand Total	6,50,816	5,67,755	22,86,207	11,50,795	1,03,56,560	54,04,104	15,74,255	18,75,230	12,48,447	15,23,944	15,67,680	18,00,810	3,00,06,603